0011000000000000
0010010000010000
0001011011100101
0001001011000011
0001001001000001
0001001001000011
0001001001111111
0000100000001001
0110011010000000
1001011011111111
0001011011111111
0001011011000000
0000010000000010
0001010010100001
0000001111110111
0101000000100000
0001000000100001
0101000000100000
0011000000010110
0000000000000010
0000000000000011
0000000000000101
0000000000000111
0000000000001011
0000000000001101
0000000000010001
0000000000010011
0000000000010111
0000000000011101
0000000000011111
0000000000100101
0000000000101001
0000000000101011
0000000000101111
0000000000110101
0000000000111011
0000000000111101
0000000001000011
0000000001000111
0000000001001001
0000000001001111
0000000001010011
0000000001011001
0000000001100001

